% Purpose: declare global variables

global Np Nfp N K
global r s A Aqbc M Emat
global Dr Ds LIFT Drw Dsw MassMatrix
global Fx Fy nx ny jac Fscale J nnx nny
global vmapM vmapP vmapB mapB Fmask
global BCType mapI mapO mapW mapF mapC mapS mapM mapP mapD mapN
global vmapI vmapO vmapW  vmapC vmapS vmapD vmapN
global rx ry sx sy sJ
global rk4a rk4b rk4c INVMSX INVMSY R2SMAT
global Nfaces EToE EToF EToV
global V invV INVM2D vertex glomatx glomaty
global x y NODETOL VX VY f gloinvmat invMassMatrix
% variables for fractional problems
global xorder yorder Ia Ic globalFDX globalFDY
global globalFIX globalFIY xflag yflag
 
% Some curved mesh and cubature quadrature specific data
global cub gauss straight curved

In = 1; Out = 2; Wall = 3; Far = 4; Cyl = 5; Dirichlet = 6; Neuman = 7; Slip = 8;
NODETOL = 1e-12;
% Low storage Runge-Kutta coefficients
rk4a = [            0.0 ...
        -567301805773.0/1357537059087.0 ...
        -2404267990393.0/2016746695238.0 ...
        -3550918686646.0/2091501179385.0  ...
        -1275806237668.0/842570457699.0];
rk4b = [ 1432997174477.0/9575080441755.0 ...
         5161836677717.0/13612068292357.0 ...
         1720146321549.0/2090206949498.0  ...
         3134564353537.0/4481467310338.0  ...
         2277821191437.0/14882151754819.0];
rk4c = [             0.0  ...
         1432997174477.0/9575080441755.0 ...
         2526269341429.0/6820363962896.0 ...
         2006345519317.0/3224310063776.0 ...
         2802321613138.0/2924317926251.0]; 
     
% Guass integral points and weights on standard triangle
trigauss = [ 0.333333333333333,0.333333333333333, 0.090817990382754/2;
    0.028844733232685, 0.485577633383657, 0.036725957756467/2;
    0.485577633383657, 0.485577633383657, 0.036725957756467/2;
    0.485577633383657, 0.028844733232685, 0.036725957756467/2;
    0.781036849029926, 0.109481575485037, 0.045321059435528/2;
    0.109481575485037, 0.109481575485037, 0.045321059435528/2;
    0.109481575485037, 0.781036849029926, 0.045321059435528/2;
    0.141707219414880, 0.307939838764121, 0.072757916845420/2;
    0.141707219414880, 0.550352941820999, 0.072757916845420/2;
    0.307939838764121, 0.141707219414880, 0.072757916845420/2;
    0.307939838764121, 0.550352941820999, 0.072757916845420/2;
    0.550352941820999, 0.141707219414880, 0.072757916845420/2;
    0.550352941820999, 0.307939838764121, 0.072757916845420/2;
    0.025003534762686, 0.246672560639903, 0.028327242531057/2;
    0.025003534762686, 0.728323904597411, 0.028327242531057/2;
    0.246672560639903, 0.025003534762686, 0.028327242531057/2;
    0.246672560639903, 0.728323904597411, 0.028327242531057/2;
    0.728323904597411, 0.025003534762686, 0.028327242531057/2;
    0.728323904597411, 0.246672560639903, 0.028327242531057/2;
    0.009540815400299, 0.066803251012200, 0.009421666963733/2;
    0.009540815400299, 0.923655933587500, 0.009421666963733/2;
    0.066803251012200, 0.009540815400299, 0.009421666963733/2;
    0.066803251012200, 0.923655933587500, 0.009421666963733/2;
    0.923655933587500, 0.009540815400299, 0.009421666963733/2;
    0.923655933587500, 0.066803251012200, 0.009421666963733/2;
    ];
